4 0.915625 0.17421875 0.165625 0.3484375
4 0.8 0.5546875 0.2671875 0.45703125
4 0.72890625 0.11484375 0.1875 0.2234375
4 0.54453125 0.15078125 0.11875 0.14296875
4 0.37890625 0.1546875 0.1375 0.2703125
4 0.33203125 0.3140625 0.08984375 0.1078125
4 0.11796875 0.19453125 0.1859375 0.30625
4 0.53125 0.4875 0.26484375 0.26484375
4 0.284375 0.49921875 0.07890625 0.2703125
4 0.2140625 0.6390625 0.11953125 0.3109375
4 0.040625 0.4609375 0.08046875 0.2265625
4 0.55546875 0.76015625 0.2328125 0.253125
4 0.40703125 0.78125 0.165625 0.2296875
4 0.07265625 0.71953125 0.1 0.12109375
4 0.1765625 0.8625 0.1125 0.275
4 0.4125 0.9578125 0.19609375 0.08359375
4 0.66171875 0.928125 0.096875 0.14296875
4 0.79375 0.90703125 0.2546875 0.1859375
4 0.94375 0.934375 0.103125 0.13125